"IC2"
6.0664376582702
6.53670561794198
7.37571328826122
3.60047524055701
9.13921510756668
7.84131708216954
6.34444365325217
9.25491178508024
3.60047524055701
6.0664376582702
6.53670561794198
7.37571328826122
3.60047524055701
9.13921510756668
7.84131708216954
6.34444365325217
7.53327153470245
8.39477429297159
7.83053119940608
9.43354498587208
9.21597540329356
8.39477429297159
7.83053119940608
7.96872612660114
5.33790104035882
6.92171660017463
3.35226124965736
4.09635189776187
3.35226124965736
4.36296919178749
9.28447734424788
4.48485752739593
9.34419365521407
3.38406468103702
8.89707163422057
3.38406468103702
3.35226124965736
4.36296919178749
9.28447734424788
4.48485752739593
4.36296919178749
9.28447734424788
4.48485752739593
9.81897438412321
4.48485752739593
9.81897438412321
4.48485752739593
9.81897438412321
4.48485752739593
4.09635189776187
9.6562320679367
4.48485752739593
4.09635189776187
9.6562320679367
4.48485752739593
5.48674430080953
5.41703299930977
5.72211198763173
5.41703299930977
3.35226124965736
4.36296919178749
8.99479793235268
4.60434744318303
8.21926288346765
6.17078476520833
9.07648667479508
5.15040520488733
8.26416066349965
4.60434744318303
6.90708577194363
3.36909438190815
8.76287218829218
4.24356881820469
6.27313767611108
3.337548839665
8.76287218829218
6.21505942611606
8.42114747907432
4.69187823261224
4.36296919178749
8.99479793235268
4.60434744318303
8.21926288346765
6.17078476520833
9.33776159294481
7.80503769213047
7.68379235269124
4.36296919178749
8.99479793235268
4.60434744318303
8.21926288346765
6.17078476520833
9.54582893318043
6.60660313141073
7.65504324153374
4.60434744318303
5.29370139244586
5.66607912821693
5.29370139244586
7.53327153470245
5.08643032550024
3.35226124965736
9.54582893318043
4.91738163742709
9.54582893318043
4.91738163742709
9.54582893318043
6.60660313141073
7.65504324153374
4.60434744318303
5.29370139244586
5.66607912821693
5.29370139244586
7.53327153470245
5.08643032550024
8.38214922247489
7.62436823548213
9.08599833024491
5.29370139244586
3.337548839665
9.54582893318043
4.91738163742709
9.54582893318043
4.91738163742709
8.67010134661693
8.49714221491288
5.81733747851119
3.36909438190815
8.67010134661693
8.49714221491288
5.81733747851119
3.36909438190815
8.67010134661693
8.49714221491288
5.81733747851119
9.48902863231383
5.21550858167615
5.86691661905506
3.36909438190815
8.54196448561719
5.93410027125967
6.94248947685031
3.36909438190815
8.54196448561719
6.09577693171692
5.81733747851119
3.36909438190815
8.54196448561719
5.93410027125967
6.94248947685031
3.36909438190815
8.54196448561719
6.09577693171692
5.81733747851119
3.36909438190815
9.36105247248694
4.43495071526975
9.36105247248694
7.55987607612299
5.66607912821693
5.29370139244586
3.337548839665
8.67010134661693
6.34157103115867
7.18561890439196
7.93658902002177
5.86691661905506
3.36909438190815
8.37516911589645
5.86691661905506
3.36909438190815
6.0664376582702
2.84628122962703
8.37516911589645
5.86691661905506
3.36909438190815
9.75361270617154
4.53369944975415
9.28682749955977
6.69867206367677
5.54022039784746
5.38268173151156
9.36105247248694
4.43495071526975
9.36105247248694
4.43495071526975
9.36105247248694
4.43495071526975
8.96941334548386
5.81649770787952
8.94100670178481
5.72250961809249
9.66770490505747
5.72250961809249
8.40518267464302
4.73563810981588
8.67459405667179
5.72250961809249
8.40518267464302
4.73563810981588
8.67459405667179
7.72672331676615
8.5084383234034
8.00114396289995
7.69328242996165
8.00114396289995
7.69328242996165
8.00114396289995
9.221259135285
6.94949166892438
7.69328242996165
8.00114396289995
9.22577854565263
4.64357290070013
5.72250961809249
8.40518267464302
4.73563810981588
8.67459405667179
5.72250961809249
8.40518267464302
4.73563810981588
8.67459405667179
5.72250961809249
6.0664376582702
2.84628122962703
8.09445080274659
6.26865294933036
8.78391049187827
6.89584404063553
8.26570783944838
4.47508804680752
5.81733747851119
8.83910252407787
8.46727172983709
5.05420477607133
3.35226124965736
7.66057416199646
5.81733747851119
3.36909438190815
6.0664376582702
2.84628122962703
6.0664376582702
2.84628122962703
8.09445080274659
6.26865294933036
8.78391049187827
6.89584404063553
8.26570783944838
4.47508804680752
5.81733747851119
8.83910252407787
8.46727172983709
5.05420477607133
3.35226124965736
7.66057416199646
5.81733747851119
3.36909438190815
9.33776159294481
4.07883067974831
9.76813717559385
7.04567669720027
5.05420477607133
9.10004827984476
8.04959710798039
5.38268173151156
9.43689130299692
5.38268173151156
9.76813717559385
7.04567669720027
5.05420477607133
9.10004827984476
8.04959710798039
5.38268173151156
4.09635189776187
3.35226124965736
4.36296919178749
3.337548839665
4.09635189776187
3.35226124965736
8.2204833235413
5.05420477607133
9.10004827984476
8.04959710798039
5.38268173151156
8.62182380434431
3.60047524055701
8.62182380434431
3.60047524055701
6.0664376582702
2.84628122962703
6.69110462674365
3.36909438190815
4.09635189776187
9.79335429090436
7.09349199133222
3.36909438190815
9.86159509454942
5.24064668595052
6.09577693171692
5.81733747851119
3.36909438190815
4.09635189776187
3.35226124965736
4.09635189776187
3.35226124965736
6.69110462674365
3.36909438190815
4.09635189776187
8.98311865198168
5.86691661905506
9.27268522340249
5.05854871203611
3.36909438190815
9.86159509454942
5.24064668595052
6.09577693171692
5.81733747851119
3.36909438190815
4.09635189776187
8.21926288346765
6.17078476520833
3.35226124965736
7.95577566256724
4.50227654097805
4.09635189776187
3.35226124965736
7.95577566256724
7.40618129392464
6.28243626442407
9.28110042972214
7.40618129392464
6.28243626442407
9.28110042972214
4.50227654097805
6.46099071988125
5.84106559492766
8.08492807753388
5.84106559492766
3.86394685100333
7.22614452228892
4.60434744318303
9.57185562541351
8.66885539398518
9.3134779341357
9.10776015808134
8.66885539398518
4.60434744318303
9.57185562541351
8.66885539398518
9.3134779341357
9.10776015808134
8.66885539398518
8.53887277733616
9.3309399541072
9.5306736222985
8.06651870752989
4.09635189776187
4.09635189776187
3.35226124965736
4.09635189776187
9.51025077450771
5.15040520488733
9.05188194887346
8.24403943444918
5.81733747851119
3.36909438190815
4.09635189776187
3.35226124965736
4.09635189776187
9.51025077450771
5.15040520488733
9.05188194887346
8.24403943444918
5.81733747851119
3.36909438190815
9.88286220538848
7.45614433701956
6.11921334750951
3.35226124965736
6.0664376582702
6.53670561794198
5.53934490117183
2.84628122962703
6.0664376582702
6.53670561794198
5.53934490117183
9.13443816364649
6.6812324680676
6.90708577194363
3.36909438190815
8.81473392539881
4.2925233652243
7.59637808821252
7.24707941556003
6.65749711974766
6.6395568073055
6.82012689563964
6.42355087516518
8.13769068758625
3.98641169200377
6.65749711974766
6.6395568073055
6.56668829935121
8.13769068758625
3.98641169200377
6.65749711974766
6.6395568073055
6.56668829935121
8.13769068758625
3.98641169200377
6.65749711974766
7.8026203409285
5.88737881750107
8.96491999417863
6.78945262849026
8.81473392539881
4.2925233652243
7.59637808821252
7.24707941556003
6.65749711974766
6.6395568073055
6.82012689563964
6.78945262849026
9.39922407799989
5.52810829873146
6.90708577194363
3.36909438190815
9.39922407799989
5.52810829873146
9.66680072749073
4.29124114526069
8.58903541299644
5.75180636113999
8.58903541299644
5.75180636113999
9.39922407799989
4.29124114526069
9.39922407799989
4.29124114526069
9.39922407799989
4.29124114526069
9.39922407799989
5.52810829873146
6.90708577194363
3.36909438190815
9.39922407799989
5.52810829873146
9.66680072749073
4.29124114526069
8.58903541299644
5.75180636113999
8.58903541299644
5.75180636113999
9.39922407799989
4.29124114526069
9.39922407799989
5.52810829873146
6.90708577194363
3.36909438190815
3.35226124965736
5.94033849727201
6.27313767611108
3.337548839665
4.36296919178749
7.13110899651457
5.91786973096502
3.35226124965736
4.09635189776187
3.35226124965736
5.48674430080953
8.83419453285345
7.34282322467036
3.35226124965736
8.15243966289728
6.43401813195264
5.41703299930977
3.35226124965736
6.46099071988125
8.31684642957539
6.24045111557092
6.0664376582702
8.99950858356038
8.7401780642847
5.45589560576656
3.35226124965736
5.48674430080953
9.21517095732529
5.85662555637804
6.27313767611108
8.90580697695806
8.7401780642847
5.45589560576656
5.70234163972163
6.92171660017463
3.35226124965736
5.70234163972163
6.92171660017463
3.35226124965736
9.62713186887986
4.82166848700513
8.66226145544193
6.37896979130273
9.62713186887986
4.82166848700513
8.66226145544193
6.94632788072669
6.92171660017463
3.35226124965736
5.70234163972163
6.92171660017463
3.35226124965736
5.70234163972163
6.92171660017463
3.35226124965736
8.35627267856932
9.24412937718113
5.91786973096502
5.29370139244586
3.337548839665
9.62713186887986
4.82166848700513
8.66226145544193
6.37896979130273
9.62713186887986
4.82166848700513
8.66226145544193
6.94632788072669
6.92171660017463
3.35226124965736
3.35226124965736
6.46099071988125
7.82557133233626
4.07883067974831
8.60121638707684
4.35310832358649
6.92941037594857
4.35310832358649
6.92941037594857
4.35310832358649
5.43298686591825
8.57524706348083
6.08613759719625
8.67812569567285
6.91240396737944
8.57524706348083
6.08613759719625
8.67812569567285
7.94959168455047
6.74209065743426
9.09767417477112
6.08613759719625
8.67812569567285
6.91240396737944
8.57524706348083
6.08613759719625
6.13084307511523
5.30694579950981
5.16949025409384
4.35310832358649
6.92941037594857
4.35310832358649
6.92941037594857
4.35310832358649
5.43298686591825
7.0980916956325
8.72591789573119
5.72250961809249
3.35226124965736
8.72591789573119
5.07997074556166
8.72591789573119
5.99567765331696
2.84628122962703
8.72591789573119
5.07997074556166
7.66057416199646
5.81733747851119
8.00196796612448
5.81733747851119
8.00196796612448
5.81733747851119
8.90176675885666
9.35347362986439
5.07997074556166
8.72591789573119
5.72250961809249
3.35226124965736
8.72591789573119
5.07997074556166
9.33217277303585
6.96657254775057
3.35226124965736
5.48674430080953
9.31325222081163
8.08581632451778
5.75180636113999
8.72591789573119
5.72250961809249
3.35226124965736
9.75019203628552
6.08517949310692
4.64525658532459
4.36296919178749
3.337548839665
9.75019203628552
6.08517949310692
4.64525658532459
4.36296919178749
3.337548839665
4.09635189776187
3.35226124965736
9.88849173900879
5.68221290918436
9.85423211910362
7.60435664966297
9.10004827984476
7.07163945488085
3.36909438190815
6.69110462674365
3.36909438190815
4.09635189776187
3.35226124965736
6.69110462674365
3.36909438190815
9.75019203628552
6.08517949310692
4.64525658532459
4.36296919178749
3.337548839665
9.75019203628552
6.08517949310692
4.64525658532459
4.36296919178749
3.337548839665
4.09635189776187
3.35226124965736
8.38214922247489
6.79022067726722
3.86394685100333
4.09635189776187
5.72211198763173
3.86394685100333
4.09635189776187
5.72211198763173
3.86394685100333
4.09635189776187
8.38214922247489
6.79022067726722
3.86394685100333
4.09635189776187
8.38214922247489
6.79022067726722
3.86394685100333
4.09635189776187
8.23131204383468
7.12286729991141
8.14437768269436
7.97960623214697
8.23131204383468
7.12286729991141
8.14437768269436
7.75575748900815
9.26416344551774
3.60047524055701
8.62182380434431
3.60047524055701
5.48674430080953
9.65725967691696
5.63080450021776
5.84106559492766
3.86394685100333
4.09635189776187
3.337548839665
9.37341864965297
4.7267445544394
5.11114436122699
3.337548839665
9.37341864965297
4.7267445544394
5.11114436122699
3.337548839665
9.37341864965297
4.7267445544394
6.22420334003336
3.88982578721114
5.70234163972163
4.4608096258244
3.337548839665
9.37341864965297
4.7267445544394
6.22420334003336
4.4608096258244
3.337548839665
4.36296919178749
5.33790104035882
4.4608096258244
3.337548839665
4.36296919178749
3.337548839665
9.37341864965297
4.7267445544394
5.11114436122699
3.337548839665
9.37341864965297
4.7267445544394
5.11114436122699
9.44748085289418
6.81277824855915
8.45839669955514
5.26300634982732
8.09445080274659
5.68008514841865
8.52549147723881
6.54907623651061
6.72638387059166
8.37516911589645
6.02500322486359
3.337548839665
5.70234163972163
4.4608096258244
3.337548839665
4.36296919178749
3.337548839665
5.70234163972163
4.4608096258244
3.337548839665
4.36296919178749
3.337548839665
7.83302693645399
8.70510744218562
5.61513943305531
3.337548839665
7.83302693645399
8.70510744218562
5.61513943305531
4.36296919178749
3.337548839665
4.36296919178749
3.337548839665
4.36296919178749
5.33790104035882
9.40799892350326
4.31309366043783
4.36296919178749
3.337548839665
4.36296919178749
3.337548839665
4.36296919178749
8.32842517103074
6.34157103115867
9.57358968194254
7.08499798708002
3.88982578721114
4.36296919178749
5.33790104035882
9.40799892350326
4.31309366043783
4.36296919178749
3.337548839665
4.36296919178749
8.32842517103074
6.34157103115867
9.57358968194254
7.08499798708002
3.88982578721114
4.36296919178749
5.33790104035882
9.40799892350326
4.31309366043783
4.36296919178749
3.337548839665
4.09635189776187
9.66326923152141
6.91770582256738
4.09635189776187
9.66326923152141
6.91770582256738
8.37516911589645
5.26300634982732
8.37516911589645
5.26300634982732
4.09635189776187
3.35226124965736
4.09635189776187
3.35226124965736
4.09635189776187
3.35226124965736
6.69110462674365
8.23190258939188
8.80910740345444
4.4608096258244
3.337548839665
8.37516911589645
5.26300634982732
8.37516911589645
5.26300634982732
4.09635189776187
3.35226124965736
4.09635189776187
3.35226124965736
4.09635189776187
3.35226124965736
6.69110462674365
8.23190258939188
8.80910740345444
4.4608096258244
3.337548839665
6.0664376582702
8.39622510287347
5.99567765331696
2.84628122962703
6.0664376582702
8.7566947486329
4.35310832358649
9.50385995191926
8.23471993946358
9.16604121386404
8.84880975223956
8.00710596230258
3.337548839665
6.0664376582702
7.95548188940216
4.73919207122395
2.84628122962703
6.0664376582702
7.95548188940216
4.73919207122395
9.03751179436532
8.84880975223956
8.00710596230258
9.55723336343464
8.84977393292386
9.3368626452705
8.84977393292386
2.84628122962703
6.0664376582702
7.95548188940216
4.73919207122395
2.84628122962703
4.09635189776187
5.29370139244586
3.337548839665
4.09635189776187
5.29370139244586
3.337548839665
4.09635189776187
5.29370139244586
3.337548839665
9.93216289449104
6.46689292161554
9.39816758807709
7.01852553252717
9.55435627363804
7.25574635141153
6.97069813878591
7.71679708658092
6.18049579045261
6.97069813878591
9.08353479693661
8.198157189428
7.25574635141153
6.97069813878591
7.71679708658092
6.18049579045261
8.90138686756594
9.54700743863984
7.43340196518346
5.29370139244586
3.337548839665
4.09635189776187
5.29370139244586
3.337548839665
3.337548839665
4.36296919178749
3.337548839665
4.36296919178749
7.13110899651457
4.91462972347977
7.22614452228892
9.33621051250812
6.72108677488677
8.54824256620069
6.72108677488677
7.93658902002177
6.02500322486359
9.63646481681505
6.43632854046366
7.36247211293072
4.25554584849653
6.97988439709053
6.70119199326464
9.20047329878767
6.72108677488677
8.54824256620069
6.72108677488677
9.29975404841278
7.37849092507957
9.57475761698979
6.43632854046366
7.36247211293072
4.25554584849653
5.58056914318239
5.59594369245342
7.97185537458618
8.59590224725858
7.97185537458618
8.59590224725858
3.88982578721114
4.36296919178749
8.32842517103074
8.49714221491288
6.60634380778054
3.337548839665
7.22614452228892
4.60434744318303
3.35226124965736
6.46099071988125
9.31129908468689
6.13578589824583
7.6023169121943
7.28659796491104
6.75001258200222
8.91415267382636
6.60634380778054
3.337548839665
7.22614452228892
4.60434744318303
3.35226124965736
6.46099071988125
9.31129908468689
6.13578589824583
7.90122453851578
3.88982578721114
4.36296919178749
5.33790104035882
3.88982578721114
4.36296919178749
5.33790104035882
3.88982578721114
4.36296919178749
5.33790104035882
5.94033849727201
5.08643032550024
5.29370139244586
3.337548839665
5.94033849727201
8.67859343206754
7.46950671744693
3.337548839665
5.94033849727201
8.67859343206754
7.46950671744693
3.337548839665
5.94033849727201
9.1033863606628
6.4597125632016
3.337548839665
4.09635189776187
3.35226124965736
4.09635189776187
8.21926288346765
6.17078476520833
7.22614452228892
4.60434744318303
8.21926288346765
7.90812049488088
9.64408831267825
7.52549655125233
5.94033849727201
8.67859343206754
7.46950671744693
3.337548839665
5.94033849727201
8.67859343206754
7.46950671744693
3.337548839665
8.26570783944838
4.47508804680752
7.32029754315209
7.50415739066814
3.86394685100333
4.09635189776187
8.26570783944838
4.47508804680752
7.32029754315209
7.50415739066814
3.86394685100333
5.48674430080953
5.41703299930977
9.5007653470248
6.74886869839352
8.49797068654103
8.00947301208967
3.96064704492382
5.91976536265299
4.09635189776187
8.26570783944838
4.47508804680752
7.32029754315209
7.50415739066814
3.86394685100333
4.09635189776187
8.26570783944838
4.47508804680752
7.32029754315209
7.50415739066814
3.86394685100333
5.48674430080953
5.41703299930977
6.0664376582702
6.53670561794198
7.37571328826122
3.60047524055701
9.13921510756668
7.84131708216954
6.34444365325217
9.25491178508024
3.60047524055701
6.0664376582702
6.53670561794198
7.37571328826122
3.60047524055701
9.13921510756668
7.84131708216954
6.34444365325217
7.53327153470245
8.39477429297159
7.83053119940608
9.43354498587208
9.21597540329356
8.39477429297159
7.83053119940608
7.96872612660114
5.33790104035882
6.92171660017463
3.35226124965736
4.09635189776187
3.35226124965736
4.36296919178749
9.28447734424788
4.48485752739593
9.34419365521407
3.38406468103702
8.89707163422057
3.38406468103702
3.35226124965736
4.36296919178749
9.28447734424788
4.48485752739593
4.36296919178749
9.28447734424788
4.48485752739593
9.81897438412321
4.48485752739593
9.81897438412321
4.48485752739593
9.81897438412321
4.48485752739593
4.09635189776187
9.6562320679367
4.48485752739593
4.09635189776187
9.6562320679367
4.48485752739593
5.48674430080953
5.41703299930977
5.72211198763173
5.41703299930977
3.35226124965736
4.36296919178749
8.99479793235268
4.60434744318303
8.21926288346765
6.17078476520833
9.07648667479508
5.15040520488733
8.26416066349965
4.60434744318303
6.90708577194363
3.36909438190815
8.76287218829218
4.24356881820469
6.27313767611108
3.337548839665
8.76287218829218
6.21505942611606
8.42114747907432
4.69187823261224
4.36296919178749
8.99479793235268
4.60434744318303
8.21926288346765
6.17078476520833
9.33776159294481
7.80503769213047
7.68379235269124
4.36296919178749
8.99479793235268
4.60434744318303
8.21926288346765
6.17078476520833
9.54582893318043
6.60660313141073
7.65504324153374
4.60434744318303
5.29370139244586
5.66607912821693
5.29370139244586
7.53327153470245
5.08643032550024
3.35226124965736
9.54582893318043
4.91738163742709
9.54582893318043
4.91738163742709
9.54582893318043
6.60660313141073
7.65504324153374
4.60434744318303
5.29370139244586
5.66607912821693
5.29370139244586
7.53327153470245
5.08643032550024
8.38214922247489
7.62436823548213
9.08599833024491
5.29370139244586
3.337548839665
9.54582893318043
4.91738163742709
9.54582893318043
4.91738163742709
8.67010134661693
8.49714221491288
5.81733747851119
3.36909438190815
8.67010134661693
8.49714221491288
5.81733747851119
3.36909438190815
8.67010134661693
8.49714221491288
5.81733747851119
9.48902863231383
5.21550858167615
5.86691661905506
3.36909438190815
8.54196448561719
5.93410027125967
6.94248947685031
3.36909438190815
8.54196448561719
6.09577693171692
5.81733747851119
3.36909438190815
8.54196448561719
5.93410027125967
6.94248947685031
3.36909438190815
8.54196448561719
6.09577693171692
5.81733747851119
3.36909438190815
9.36105247248694
4.43495071526975
9.36105247248694
7.55987607612299
5.66607912821693
5.29370139244586
3.337548839665
8.67010134661693
6.34157103115867
7.18561890439196
7.93658902002177
5.86691661905506
3.36909438190815
8.37516911589645
5.86691661905506
3.36909438190815
6.0664376582702
2.84628122962703
8.37516911589645
5.86691661905506
3.36909438190815
9.75361270617154
4.53369944975415
9.28682749955977
6.69867206367677
5.54022039784746
5.38268173151156
9.36105247248694
4.43495071526975
9.36105247248694
4.43495071526975
9.36105247248694
4.43495071526975
8.96941334548386
5.81649770787952
8.94100670178481
5.72250961809249
9.66770490505747
5.72250961809249
8.40518267464302
4.73563810981588
8.67459405667179
5.72250961809249
8.40518267464302
4.73563810981588
8.67459405667179
7.72672331676615
8.5084383234034
8.00114396289995
7.69328242996165
8.00114396289995
7.69328242996165
8.00114396289995
9.221259135285
6.94949166892438
7.69328242996165
8.00114396289995
9.22577854565263
4.64357290070013
5.72250961809249
8.40518267464302
4.73563810981588
8.67459405667179
5.72250961809249
8.40518267464302
4.73563810981588
8.67459405667179
5.72250961809249
6.0664376582702
2.84628122962703
8.09445080274659
6.26865294933036
8.78391049187827
6.89584404063553
8.26570783944838
4.47508804680752
5.81733747851119
8.83910252407787
8.46727172983709
5.05420477607133
3.35226124965736
7.66057416199646
5.81733747851119
3.36909438190815
6.0664376582702
2.84628122962703
6.0664376582702
2.84628122962703
8.09445080274659
6.26865294933036
8.78391049187827
6.89584404063553
8.26570783944838
4.47508804680752
5.81733747851119
8.83910252407787
8.46727172983709
5.05420477607133
3.35226124965736
7.66057416199646
5.81733747851119
3.36909438190815
9.33776159294481
4.07883067974831
9.76813717559385
7.04567669720027
5.05420477607133
9.10004827984476
8.04959710798039
5.38268173151156
9.43689130299692
5.38268173151156
9.76813717559385
7.04567669720027
5.05420477607133
9.10004827984476
8.04959710798039
5.38268173151156
4.09635189776187
3.35226124965736
4.36296919178749
3.337548839665
4.09635189776187
3.35226124965736
8.2204833235413
5.05420477607133
9.10004827984476
8.04959710798039
5.38268173151156
8.62182380434431
3.60047524055701
8.62182380434431
3.60047524055701
6.0664376582702
2.84628122962703
6.69110462674365
3.36909438190815
4.09635189776187
9.79335429090436
7.09349199133222
3.36909438190815
9.86159509454942
5.24064668595052
6.09577693171692
5.81733747851119
3.36909438190815
4.09635189776187
3.35226124965736
4.09635189776187
3.35226124965736
6.69110462674365
3.36909438190815
4.09635189776187
8.98311865198168
5.86691661905506
9.27268522340249
5.05854871203611
3.36909438190815
9.86159509454942
5.24064668595052
6.09577693171692
5.81733747851119
3.36909438190815
4.09635189776187
8.21926288346765
6.17078476520833
3.35226124965736
7.95577566256724
4.50227654097805
4.09635189776187
3.35226124965736
7.95577566256724
7.40618129392464
6.28243626442407
9.28110042972214
7.40618129392464
6.28243626442407
9.28110042972214
4.50227654097805
6.46099071988125
5.84106559492766
8.08492807753388
5.84106559492766
3.86394685100333
7.22614452228892
4.60434744318303
9.57185562541351
8.66885539398518
9.3134779341357
9.10776015808134
8.66885539398518
4.60434744318303
9.57185562541351
8.66885539398518
9.3134779341357
9.10776015808134
8.66885539398518
8.53887277733616
9.3309399541072
9.5306736222985
8.06651870752989
4.09635189776187
4.09635189776187
3.35226124965736
4.09635189776187
9.51025077450771
5.15040520488733
9.05188194887346
8.24403943444918
5.81733747851119
3.36909438190815
4.09635189776187
3.35226124965736
4.09635189776187
9.51025077450771
5.15040520488733
9.05188194887346
8.24403943444918
5.81733747851119
3.36909438190815
9.88286220538848
7.45614433701956
6.11921334750951
3.35226124965736
6.0664376582702
6.53670561794198
5.53934490117183
2.84628122962703
6.0664376582702
6.53670561794198
5.53934490117183
9.13443816364649
6.6812324680676
6.90708577194363
3.36909438190815
8.81473392539881
4.2925233652243
7.59637808821252
7.24707941556003
6.65749711974766
6.6395568073055
6.82012689563964
6.42355087516518
8.13769068758625
3.98641169200377
6.65749711974766
6.6395568073055
6.56668829935121
8.13769068758625
3.98641169200377
6.65749711974766
6.6395568073055
6.56668829935121
8.13769068758625
3.98641169200377
6.65749711974766
7.8026203409285
5.88737881750107
8.96491999417863
6.78945262849026
8.81473392539881
4.2925233652243
7.59637808821252
7.24707941556003
6.65749711974766
6.6395568073055
6.82012689563964
6.78945262849026
9.39922407799989
5.52810829873146
6.90708577194363
3.36909438190815
9.39922407799989
5.52810829873146
9.66680072749073
4.29124114526069
8.58903541299644
5.75180636113999
8.58903541299644
5.75180636113999
9.39922407799989
4.29124114526069
9.39922407799989
4.29124114526069
9.39922407799989
4.29124114526069
9.39922407799989
5.52810829873146
6.90708577194363
3.36909438190815
9.39922407799989
5.52810829873146
9.66680072749073
4.29124114526069
8.58903541299644
5.75180636113999
8.58903541299644
5.75180636113999
9.39922407799989
4.29124114526069
9.39922407799989
5.52810829873146
6.90708577194363
3.36909438190815
3.35226124965736
5.94033849727201
6.27313767611108
3.337548839665
4.36296919178749
7.13110899651457
5.91786973096502
3.35226124965736
4.09635189776187
3.35226124965736
5.48674430080953
8.83419453285345
7.34282322467036
3.35226124965736
8.15243966289728
6.43401813195264
5.41703299930977
3.35226124965736
6.46099071988125
8.31684642957539
6.24045111557092
6.0664376582702
8.99950858356038
8.7401780642847
5.45589560576656
3.35226124965736
5.48674430080953
9.21517095732529
5.85662555637804
6.27313767611108
8.90580697695806
8.7401780642847
5.45589560576656
5.70234163972163
6.92171660017463
3.35226124965736
5.70234163972163
6.92171660017463
3.35226124965736
9.62713186887986
4.82166848700513
8.66226145544193
6.37896979130273
9.62713186887986
4.82166848700513
8.66226145544193
6.94632788072669
6.92171660017463
3.35226124965736
5.70234163972163
6.92171660017463
3.35226124965736
5.70234163972163
6.92171660017463
3.35226124965736
8.35627267856932
9.24412937718113
5.91786973096502
5.29370139244586
3.337548839665
9.62713186887986
4.82166848700513
8.66226145544193
6.37896979130273
9.62713186887986
4.82166848700513
8.66226145544193
6.94632788072669
6.92171660017463
3.35226124965736
3.35226124965736
6.46099071988125
7.82557133233626
4.07883067974831
8.60121638707684
4.35310832358649
6.92941037594857
4.35310832358649
6.92941037594857
4.35310832358649
5.43298686591825
8.57524706348083
6.08613759719625
8.67812569567285
6.91240396737944
8.57524706348083
6.08613759719625
8.67812569567285
7.94959168455047
6.74209065743426
9.09767417477112
6.08613759719625
8.67812569567285
6.91240396737944
8.57524706348083
6.08613759719625
6.13084307511523
5.30694579950981
5.16949025409384
4.35310832358649
6.92941037594857
4.35310832358649
6.92941037594857
4.35310832358649
5.43298686591825
7.0980916956325
8.72591789573119
5.72250961809249
3.35226124965736
8.72591789573119
5.07997074556166
8.72591789573119
5.99567765331696
2.84628122962703
8.72591789573119
5.07997074556166
7.66057416199646
5.81733747851119
8.00196796612448
5.81733747851119
8.00196796612448
5.81733747851119
8.90176675885666
9.35347362986439
5.07997074556166
8.72591789573119
5.72250961809249
3.35226124965736
8.72591789573119
5.07997074556166
9.33217277303585
6.96657254775057
3.35226124965736
5.48674430080953
9.31325222081163
8.08581632451778
5.75180636113999
8.72591789573119
5.72250961809249
3.35226124965736
9.75019203628552
6.08517949310692
4.64525658532459
4.36296919178749
3.337548839665
9.75019203628552
6.08517949310692
4.64525658532459
4.36296919178749
3.337548839665
4.09635189776187
3.35226124965736
9.88849173900879
5.68221290918436
9.85423211910362
7.60435664966297
9.10004827984476
7.07163945488085
3.36909438190815
6.69110462674365
3.36909438190815
4.09635189776187
3.35226124965736
6.69110462674365
3.36909438190815
9.75019203628552
6.08517949310692
4.64525658532459
4.36296919178749
3.337548839665
9.75019203628552
6.08517949310692
4.64525658532459
4.36296919178749
3.337548839665
4.09635189776187
3.35226124965736
8.38214922247489
6.79022067726722
3.86394685100333
4.09635189776187
5.72211198763173
3.86394685100333
4.09635189776187
5.72211198763173
3.86394685100333
4.09635189776187
8.38214922247489
6.79022067726722
3.86394685100333
4.09635189776187
8.38214922247489
6.79022067726722
3.86394685100333
4.09635189776187
8.23131204383468
7.12286729991141
8.14437768269436
7.97960623214697
8.23131204383468
7.12286729991141
8.14437768269436
7.75575748900815
9.26416344551774
3.60047524055701
8.62182380434431
3.60047524055701
5.48674430080953
9.65725967691696
5.63080450021776
5.84106559492766
3.86394685100333
4.09635189776187
3.337548839665
9.37341864965297
4.7267445544394
5.11114436122699
3.337548839665
9.37341864965297
4.7267445544394
5.11114436122699
3.337548839665
9.37341864965297
4.7267445544394
6.22420334003336
3.88982578721114
5.70234163972163
4.4608096258244
3.337548839665
9.37341864965297
4.7267445544394
6.22420334003336
4.4608096258244
3.337548839665
4.36296919178749
5.33790104035882
4.4608096258244
3.337548839665
4.36296919178749
3.337548839665
9.37341864965297
4.7267445544394
5.11114436122699
3.337548839665
9.37341864965297
4.7267445544394
5.11114436122699
9.44748085289418
6.81277824855915
8.45839669955514
5.26300634982732
8.09445080274659
5.68008514841865
8.52549147723881
6.54907623651061
6.72638387059166
8.37516911589645
6.02500322486359
3.337548839665
5.70234163972163
4.4608096258244
3.337548839665
4.36296919178749
3.337548839665
5.70234163972163
4.4608096258244
3.337548839665
4.36296919178749
3.337548839665
7.83302693645399
8.70510744218562
5.61513943305531
3.337548839665
7.83302693645399
8.70510744218562
5.61513943305531
4.36296919178749
3.337548839665
4.36296919178749
3.337548839665
4.36296919178749
5.33790104035882
9.40799892350326
4.31309366043783
4.36296919178749
3.337548839665
4.36296919178749
3.337548839665
4.36296919178749
8.32842517103074
6.34157103115867
9.57358968194254
7.08499798708002
3.88982578721114
4.36296919178749
5.33790104035882
9.40799892350326
4.31309366043783
4.36296919178749
3.337548839665
4.36296919178749
8.32842517103074
6.34157103115867
9.57358968194254
7.08499798708002
3.88982578721114
4.36296919178749
5.33790104035882
9.40799892350326
4.31309366043783
4.36296919178749
3.337548839665
4.09635189776187
9.66326923152141
6.91770582256738
4.09635189776187
9.66326923152141
6.91770582256738
8.37516911589645
5.26300634982732
8.37516911589645
5.26300634982732
4.09635189776187
3.35226124965736
4.09635189776187
3.35226124965736
4.09635189776187
3.35226124965736
6.69110462674365
8.23190258939188
8.80910740345444
4.4608096258244
3.337548839665
8.37516911589645
5.26300634982732
8.37516911589645
5.26300634982732
4.09635189776187
3.35226124965736
4.09635189776187
3.35226124965736
4.09635189776187
3.35226124965736
6.69110462674365
8.23190258939188
8.80910740345444
4.4608096258244
3.337548839665
6.0664376582702
8.39622510287347
5.99567765331696
2.84628122962703
6.0664376582702
8.7566947486329
4.35310832358649
9.50385995191926
8.23471993946358
9.16604121386404
8.84880975223956
8.00710596230258
3.337548839665
6.0664376582702
7.95548188940216
4.73919207122395
2.84628122962703
6.0664376582702
7.95548188940216
4.73919207122395
9.03751179436532
8.84880975223956
8.00710596230258
9.55723336343464
8.84977393292386
9.3368626452705
8.84977393292386
2.84628122962703
6.0664376582702
7.95548188940216
4.73919207122395
2.84628122962703
4.09635189776187
5.29370139244586
3.337548839665
4.09635189776187
5.29370139244586
3.337548839665
4.09635189776187
5.29370139244586
3.337548839665
9.93216289449104
6.46689292161554
9.39816758807709
7.01852553252717
9.55435627363804
7.25574635141153
6.97069813878591
7.71679708658092
6.18049579045261
6.97069813878591
9.08353479693661
8.198157189428
7.25574635141153
6.97069813878591
7.71679708658092
6.18049579045261
8.90138686756594
9.54700743863984
7.43340196518346
5.29370139244586
3.337548839665
4.09635189776187
5.29370139244586
3.337548839665
3.337548839665
4.36296919178749
3.337548839665
4.36296919178749
7.13110899651457
4.91462972347977
7.22614452228892
9.33621051250812
6.72108677488677
8.54824256620069
6.72108677488677
7.93658902002177
6.02500322486359
9.63646481681505
6.43632854046366
7.36247211293072
4.25554584849653
6.97988439709053
6.70119199326464
9.20047329878767
6.72108677488677
8.54824256620069
6.72108677488677
9.29975404841278
7.37849092507957
9.57475761698979
6.43632854046366
7.36247211293072
4.25554584849653
5.58056914318239
5.59594369245342
7.97185537458618
8.59590224725858
7.97185537458618
8.59590224725858
3.88982578721114
4.36296919178749
8.32842517103074
8.49714221491288
6.60634380778054
3.337548839665
7.22614452228892
4.60434744318303
3.35226124965736
6.46099071988125
9.31129908468689
6.13578589824583
7.6023169121943
7.28659796491104
6.75001258200222
8.91415267382636
6.60634380778054
3.337548839665
7.22614452228892
4.60434744318303
3.35226124965736
6.46099071988125
9.31129908468689
6.13578589824583
7.90122453851578
3.88982578721114
4.36296919178749
5.33790104035882
3.88982578721114
4.36296919178749
5.33790104035882
3.88982578721114
4.36296919178749
5.33790104035882
5.94033849727201
5.08643032550024
5.29370139244586
3.337548839665
5.94033849727201
8.67859343206754
7.46950671744693
3.337548839665
5.94033849727201
8.67859343206754
7.46950671744693
3.337548839665
5.94033849727201
9.1033863606628
6.4597125632016
3.337548839665
4.09635189776187
3.35226124965736
4.09635189776187
8.21926288346765
6.17078476520833
7.22614452228892
4.60434744318303
8.21926288346765
7.90812049488088
9.64408831267825
7.52549655125233
5.94033849727201
8.67859343206754
7.46950671744693
3.337548839665
5.94033849727201
8.67859343206754
7.46950671744693
3.337548839665
8.26570783944838
4.47508804680752
7.32029754315209
7.50415739066814
3.86394685100333
4.09635189776187
8.26570783944838
4.47508804680752
7.32029754315209
7.50415739066814
3.86394685100333
5.48674430080953
5.41703299930977
9.5007653470248
6.74886869839352
8.49797068654103
8.00947301208967
3.96064704492382
5.91976536265299
4.09635189776187
8.26570783944838
4.47508804680752
7.32029754315209
7.50415739066814
3.86394685100333
4.09635189776187
8.26570783944838
4.47508804680752
7.32029754315209
7.50415739066814
3.86394685100333
5.48674430080953
5.41703299930977
